61.900
57.281
62.274
58.742
59.459
64.131
67.077
59.222
61.643
102.716
103.204
87.825
89.930
86.249
86.205
99.548
96.587
59.685
59.491
61.755
82.407
57.274
66.110
61.617
62.986
93.137
84.626
65.774
60.852
93.216
74.272
85.422
74.675
57.986
76.761
59.416
59.184
62.156
83.312
57.713
75.488
94.962
93.212
90.495
58.153
90.565
63.162
76.061
58.645
69.093
58.273
57.712
64.502
96.917
77.078
67.028
61.612
70.352
64.265
63.854
76.689
98.025
68.945
63.330
87.034
59.332
62.777
91.213
96.769
84.444
64.174
60.660
58.916
106.607
63.528
93.412
87.846
69.346
61.152
61.361
72.349
63.304
59.457
81.859
93.978
63.749
88.920
87.153
66.306
59.400
65.655
92.813
97.417
95.536
84.970
88.313
89.795
94.160
93.300
61.811
62.877
91.824
65.792
62.906
95.349
89.576
82.614
90.419
92.663
92.187
83.953
80.774
61.515
78.263
99.048
81.570
96.540
100.034
82.775
87.302
57.461
88.746
91.738
67.415
75.855
59.039
58.965
98.201
63.363
95.226
91.318
96.677
93.257
75.691
61.618
60.524
101.244
103.782
63.446
80.051
85.838
59.359
62.157
62.744
82.249
62.573
63.777
66.788
59.040
62.030
65.933
58.542
66.920
66.821
84.095
85.722
85.021
97.449
88.082
96.570
59.665
65.158
86.783
66.596
65.682
58.530
64.529
100.243
84.491
89.503
58.689
87.739
82.973
88.045
105.283
88.281
106.473
74.579
80.946
99.186
57.780
63.208
95.125
102.820
65.464
79.913
98.106
88.441
85.033
66.874
62.322
57.788
59.248
62.503
57.478
66.761
59.111
61.217
57.765
58.960
58.990
61.842
58.822
63.761
57.934
93.419
62.626
73.242
58.091
63.470
91.036
82.207
73.576
61.004
84.468
72.972
62.593
63.494
63.392
108.083
102.657
65.153
61.385
91.559
59.284
75.577
61.383
85.563
86.432
62.059
62.087
58.718
66.016
63.874
61.922
57.590
79.548
61.665
58.567
65.783
60.719
61.783
59.319
61.659
59.775
59.120
79.971
61.846
68.810
62.226
62.129
61.515
62.601
65.888
85.954
73.968
57.583
62.630
62.303
103.554
59.383
106.314
61.223
109.901
96.252
83.132
88.589
92.310
72.179
59.017
61.673
61.972
70.213
61.520
61.516
79.632
65.937
99.841
438.861
62.533
82.158
64.703
98.640
61.663
62.237
62.726
75.011
60.464
82.842
84.485
76.146
58.184
80.442
61.164
60.612
65.776
62.232
58.016
59.312
61.933
81.949
63.119
57.667
66.112
63.248
57.804
59.222
63.446
59.382
64.501
63.207
62.387
98.286
83.937
105.627
82.430
63.071
91.082
58.267
83.944
62.127
63.932
60.742
58.360
65.210
98.405
76.335
58.769
82.818
111.062
81.246
90.510
62.307
89.749
96.465
103.828
82.035
58.787
63.086
100.916
65.327
75.215
61.971
91.473
86.432
59.959
63.302
62.923
62.102
63.217
94.695
62.653
61.948
61.376
78.805
62.930
83.934
57.373
62.725
62.887
59.264
83.358
58.998
63.766
66.256
58.728
61.617
59.131
99.200
60.158
88.913
58.985
62.706
63.198
58.733
65.899
68.423
63.249
62.351
65.921
62.507
58.051
62.282
67.784
61.344
63.111
59.037
60.176
80.332
61.713
65.724
61.122
84.440
88.217
73.147
99.858
101.759
86.302
66.642
69.219
62.604
70.365
61.531
61.903
85.725
100.075
83.779
61.583
62.973
63.593
95.142
65.599
100.462
69.178
85.598
88.737
63.488
59.126
58.555
59.260
96.712
104.357
63.361
61.718
85.744
64.121
87.069
87.353
66.280
68.250
95.147
96.020
105.051
80.714
62.110
76.019
79.702
88.867
63.562
94.255
86.467
80.529
97.194
66.186
60.150
102.719
71.844
87.231
84.354
63.303
58.834
61.985
61.573
62.665
65.030
58.544
94.429
87.245
99.055
66.071
86.874
58.869
59.797
63.045
77.863
61.971
97.511
84.244
69.119
62.325
63.218
62.546
57.175
57.927
65.789
60.451
62.417
59.571
61.659
58.773
58.737
62.666
60.103
60.453
66.142
61.931
59.033
91.243
58.077
59.174
60.270
85.172
61.990
65.895
96.602
93.475
69.858
86.142
62.833
57.916
79.914
59.410
90.565
105.720
91.952
65.615
96.795
98.081
59.036
59.221
62.847
63.590
58.881
61.788
102.509
88.673
84.651
101.986
91.412
89.224
94.632
62.681
86.861
71.846
76.956
75.605
83.584
63.411
61.705
63.105
83.219
57.976
99.370
92.538
84.691
85.659
94.627
96.553
68.400
63.306
64.689
63.160
89.862
103.666
81.068
73.924
89.116
59.084
92.964
90.376
83.453
78.965
82.676
62.751
58.362
58.966
57.393
59.775
58.295
66.013
99.439
84.778
62.946
72.823
62.799
66.398
85.606
89.438
66.639
88.821
82.256
76.157
174.041
61.814
65.589
62.846
81.261
62.860
70.394
73.491
66.663
91.467
63.701
61.317
57.912
59.296
61.270
78.695
61.832
64.407
65.599
65.973
78.921
58.580
58.925
58.055
61.306
97.146
83.624
65.255
63.078
61.541
100.892
62.013
58.935
79.285
66.974
65.588
58.772
59.074
61.516
58.376
58.932
62.194
65.238
68.106
99.742
84.180
65.250
57.266
61.698
59.455
63.005
64.839
62.780
59.144
63.875
63.384
88.125
57.873
88.133
58.744
64.107
59.670
62.597
63.227
65.555
72.494
58.512
68.940
65.841
62.309
64.812
65.596
63.365
58.950
62.025
63.262
66.374
62.789
61.374
62.881
59.100
61.737
58.908
63.356
84.181
61.381
62.691
59.607
63.597
58.764
59.379
62.173
58.968
66.025
60.375
59.420
59.279
57.725
65.153
57.271
59.263
65.188
61.839
63.970
61.591
61.931
57.999
71.953
62.597
63.282
57.939
62.646
62.749
63.382
62.941
61.904
61.677
61.912
60.114
59.209
66.205
59.066
61.873
58.176
62.958
60.938
64.761
69.432
61.536
61.702
58.891
63.349
62.776
59.441
59.353
65.758
61.264
68.495
62.969
59.373
58.860
57.967
63.268
61.514
63.858
58.855
58.732
77.255
62.890
57.856
66.979
62.667
61.585
63.154
59.488
62.647
61.828
57.191
58.752
61.613
57.365
65.865
58.905
63.497
90.078
61.948
58.358
59.339
63.231
61.563
64.944
65.944
61.439
61.992
61.862
65.906
61.297
67.602
62.046
62.770
59.165
59.480
62.455
63.362
63.564
59.122
59.085
62.891
87.326
63.319
68.261
62.815
58.349
61.946
69.934
61.456
61.877
59.307
66.858
66.387
61.473
58.927
60.013
58.607
63.884
61.530
58.106
62.472
65.729
59.416
82.246
63.530
61.528
63.844
59.331
63.818
63.177
65.965
62.225
61.935
64.460
59.082
66.380
63.452
61.232
59.229
69.785
58.706
61.682
58.844
62.018
65.852
57.770
59.889
63.482
58.606
62.903
59.878
58.857
65.957
58.991
61.824
61.903
60.672
65.994
59.478
62.792
62.797
58.035
59.038
63.371
62.048
65.711
63.136
57.513
66.223
63.202
61.289
58.945
59.221
61.689
63.327
62.415
65.542
58.927
59.074
62.676
63.424
62.859
61.159
58.269
63.846
61.785
61.910
62.865
60.693
65.564
59.373
59.413
61.630
61.435
66.039
66.484
58.086
58.266
65.683
68.935
65.934
58.816
63.515
59.101
57.668
62.842
63.261
63.118
63.312
63.069
63.270
61.634
61.521
62.673
60.840
62.588
63.591
61.670
57.594
59.140
58.816
65.228
61.458
61.851
59.342
63.071
62.144
62.108
62.030
65.737
62.062
63.313
63.442
63.171
59.268
58.904
65.681
61.583
60.023
58.859
59.016
63.354
58.708
59.025
63.670
61.870
63.306
59.878
58.750
62.944
65.997
67.102
58.839
59.097
61.483
60.769
59.252
64.129
58.587
57.553
58.878
62.003
62.862
62.263
65.645
59.126
57.889
63.067
62.669
63.191
64.648
63.370
63.817
57.835
62.785
61.577
59.555
58.311
62.786
58.242
60.028
59.236
58.740
66.636
63.331
62.842
59.066
59.232
58.103
66.156
59.574
61.798
59.626
61.543
65.924
59.414
65.736
62.797
62.929
63.432
69.190
65.195
57.829
63.039
61.115
61.879
63.459
60.564
63.214
58.702
58.031
72.441
59.399
60.578
63.200
63.204
57.651
61.949
60.140
60.110
62.128
58.770
65.695
63.173
61.754
57.725
61.668
63.647
65.491
62.934
58.127
63.099
57.847
59.121
66.072
62.208
65.838
64.801
57.546
61.866
65.850
